415751
415752
415753
415822
415823
415825
415830
415832
415896
415901
415903
415906
415925
415926
415927
415929
416018
416019
416021
416030
416107
416108
416112
416118
416120
416122
416124
416128
416131
416192
416195
416197
416198
416199
416200
416201
416221
416223
416224
416225
416226
416227
416228
416229
416230
416234
416237
416361
416363
416365
416367
416372
416374
416376
416380
416382
416429
416431
416432
416435
416436
416437
416438
416441
416540
416544
416545
416619
416620
416627
416628
416629
416631
416632
416688
416690
416691
416692
416697
416739
416742
416743
416744
416810
416813
416888
416891
